,Unnamed: 0,ticker, liabilities, equity, netincome, freecashflow, beta, ROE, debttoequity
1,2,ABBV,65689.0,5097.0,5309.0,5776.0,1.3109,1.0415930939768492,12.887777123798314
2,3,ABMD,98.0,452.0,52.0,24.0,1.6489,0.11504424778761063,0.2168141592920354
4,5,ATVI,9206.0,9462.0,273.0,1190.0,0.8695,0.02885225110970196,0.9729444092158106
5,6,ADBE,6076.0,8460.0,1694.0,963.0,1.2473,0.20023640661938533,0.7182033096926714
6,7,AMD,2929.0,611.0,43.0,-232.0,2.2781,0.07037643207855973,4.7937806873977085
11,12,A,3595.0,4831.0,684.0,957.0,1.1799,0.14158559304491825,0.74415234941006
14,15,ALK,7019.0,3721.0,1034.0,415.0,0.9372,0.27788228970706796,1.886320881483472
15,16,ALB,4076.0,3675.0,55.0,278.0,1.103,0.014965986394557824,1.1091156462585037
16,17,ARE,6154.0,5950.0,169.0,-403.0,0.759,0.028403361344537813,1.0342857142857145
21,22,ADS,28830.0,1855.0,789.0,868.0,1.3924,0.4253369272237197,15.541778975741241
22,23,LNT,10006.0,4182.0,468.0,731.0,0.2808,0.11190817790530846,2.3926351028216164
27,28,AMZN,103601.0,27709.0,3033.0,2031.0,1.3888,0.10945902053484427,3.73889350030676
29,30,AAL,47470.0,3926.0,1919.0,-2439.0,1.3781,0.488792664289353,12.091186958736627
30,31,AEP,46442.0,18287.0,1913.0,328.0,0.268,0.10460983212117897,2.5396183080877126
31,32,AXP,162932.0,18227.0,2736.0,7541.0,1.1712,0.15010698414440116,8.939046469523234
36,37,ABC,33252.0,2064.0,364.0,586.0,1.3935,0.17635658914728686,16.11046511627907
37,38,AME,3768.0,4028.0,681.0,597.0,1.1376,0.16906653426017876,0.93545183714002
45,46,AOS,1548.0,1649.0,296.0,182.0,1.1704,0.1795027289266222,0.9387507580351728
48,49,AAPL,241272.0,134047.0,48351.0,44590.0,1.0444,0.3607018433832909,1.7999060031183092
49,50,AMAT,10070.0,9349.0,3434.0,426.0,1.548,0.3673120119798909,1.0771205476521553
50,51,APTV,8870.0,3299.0,1355.0,1068.0,1.2655,0.4107305244013337,2.68869354349803
53,54,ANET,799.0,1662.0,423.0,14.0,1.2897,0.2545126353790614,0.4807460890493381
56,57,T,303236.0,140861.0,29450.0,13852.0,0.7925,0.2090713540298592,2.15273212599655
58,59,ADP,33203.0,3977.0,1733.0,1294.0,1.008,0.4357555946693488,8.348755343223536
60,61,AVB,8027.0,10388.0,877.0,-553.0,0.516,0.08442433577204468,0.7727185213708124
63,64,BLL,13228.0,3941.0,374.0,461.0,0.8636,0.0948997716315656,3.3565085003806137
73,74,HRB,2755.0,-61.0,409.0,384.0,0.8528,-6.7049180327868845,-45.1639344262295
74,75,BA,91978.0,355.0,8197.0,5941.0,1.0996,23.090140845070422,259.09295774647893
75,76,BKNG,14191.0,11261.0,2341.0,2217.0,1.2641,0.20788562294645235,1.2601900364088447
76,77,BWA,6071.0,3717.0,440.0,301.0,1.2105,0.11837503362927093,1.6333064299165994
77,78,BXP,13558.0,5814.0,462.0,-216.0,0.866,0.07946336429308566,2.3319573443412454
90,91,CAH,33304.0,6808.0,1288.0,1532.0,1.3447,0.1891891891891892,4.891891891891891
91,92,KMX,13171.0,3109.0,627.0,-1014.0,1.0468,0.2016725635252493,4.236410421357348
94,95,CBOE,2155.0,3111.0,402.0,196.0,0.9741,0.12921890067502412,0.6927033108325298
95,96,CBRE,7464.0,4019.0,691.0,589.0,1.248,0.17193331674545906,1.8571784025877085
98,99,CELG,23220.0,6921.0,2940.0,2087.0,1.2790000000000001,0.4247941048981361,3.355006501950585
100,101,CNP,18048.0,4688.0,1792.0,327.0,0.3632,0.3822525597269625,3.8498293515358366
101,102,CTL,52120.0,23491.0,1389.0,2511.0,1.4406,0.05912902813843599,2.218722063769103
102,103,CERN,1684.0,4785.0,867.0,112.0,1.1187,0.1811912225705329,0.3519331243469174
107,108,CMG,681.0,1364.0,176.0,329.0,1.0284,0.12903225806451613,0.4992668621700879
109,110,CHD,3797.0,2218.0,743.0,432.0,0.5347,0.33498647430117223,1.71190261496844
117,118,CTXS,4828.0,992.0,-21.0,753.0,1.0241,-0.021169354838709683,4.866935483870968
118,119,CLX,4031.0,542.0,701.0,581.0,0.5077,1.2933579335793357,7.437269372693727
119,120,CME,53379.0,22412.0,4063.0,1280.0,0.5896,0.18128681063715865,2.3817151525968234
120,121,CMS,18609.0,4441.0,460.0,40.0,0.2398,0.1035802747129025,4.190272461157397
124,125,CMCSA,118343.0,68606.0,22714.0,6555.0,0.943,0.3310789143806664,1.7249657464361718
126,127,CAG,6106.0,3991.0,639.0,949.0,0.7845,0.1601102480581308,1.5299423703332498
129,130,ED,32693.0,15418.0,1525.0,14.0,0.1967,0.09891036450901544,2.120443637307044
131,132,COO,1683.0,3176.0,373.0,238.0,0.977,0.11744332493702772,0.529911838790932
132,133,CPRT,884.0,1098.0,394.0,69.0,1.0738,0.3588342440801457,0.8051001821493625
133,134,GLW,11796.0,15698.0,-497.0,1768.0,1.2275,-0.031660084087144866,0.7514333036055548
134,135,COST,25569.0,10778.0,2679.0,1354.0,0.9071,0.2485618853219521,2.3723325292262016
135,136,COTY,13234.0,9315.0,-422.0,270.0,0.8384,-0.04530327428878154,1.4207192699946325
136,137,CCI,19890.0,12339.0,445.0,670.0,0.5706,0.03606451090039711,1.6119620714806708
137,138,CSX,21034.0,14705.0,5471.0,954.0,1.196,0.3720503230193812,1.4303978238694322
140,141,DHI,4438.0,7747.0,1038.0,-1289.0,0.7985,0.133987349941913,0.5728669162256357
142,143,DRI,3402.0,2102.0,479.0,264.0,0.7609,0.2278782112274025,1.6184586108468126
152,153,DISCK,17945.0,4610.0,-337.0,1170.0,1.3575,-0.07310195227765727,3.8926247288503255
153,154,DISH,22836.0,6937.0,2099.0,1019.0,1.5042,0.3025803661525155,3.291912930661669
154,155,DG,6391.0,6126.0,1251.0,675.0,0.8537,0.20421155729676788,1.0432582435520732
155,156,DLTR,9150.0,7182.0,1714.0,463.0,0.6985,0.23865218602060706,1.2740183792815372
160,161,DRE,2855.0,4533.0,1634.0,-606.0,0.526,0.3604676814471652,0.6298257224795941
161,162,DUK,96175.0,41739.0,3059.0,856.0,0.1911,0.07328877069407509,2.304199908958049
164,165,EMN,10596.0,5403.0,1384.0,809.0,1.1589,0.2561539885248936,1.961132704053304
165,166,ETN,15370.0,17253.0,2985.0,1671.0,1.0862,0.1730133889758303,0.8908595606561178
170,171,EA,3658.0,4060.0,967.0,218.0,0.7736,0.23817733990147785,0.9009852216748768
171,172,EMR,10871.0,8718.0,1518.0,2971.0,1.2237,0.17412250516173433,1.2469603119981647
176,177,EQR,10328.0,10242.0,603.0,196.0,0.5438,0.058875219683655534,1.0083967975004882
178,179,EL,7184.0,4384.0,1249.0,765.0,0.6997,0.28489963503649635,1.6386861313868613
180,181,ES,25134.0,11086.0,988.0,207.0,0.3739,0.08912141439653617,2.267183835468158
183,184,EXPE,13993.0,4522.0,378.0,455.0,1.0928,0.08359133126934984,3.0944272445820435
185,186,EXR,5104.0,2351.0,479.0,-92.0,0.5107,0.2037430880476393,2.1709910676307955
188,189,FB,10177.0,74347.0,15934.0,2860.0,1.2654,0.21431934039033185,0.13688514667706833
194,195,FE,38332.0,3925.0,-1724.0,24.0,0.3761,-0.4392356687898089,9.766114649681528
199,200,FLS,3256.0,1655.0,3.0,349.0,1.516,0.0018126888217522656,1.9673716012084592
201,202,FMC,6524.0,2682.0,536.0,107.0,1.0716,0.1998508575689784,2.4325130499627146
203,204,F,222918.0,34890.0,7602.0,3847.0,0.927,0.2178847807394669,6.3891659501289775
205,206,FTV,6710.0,3790.0,1044.0,949.0,1.0336,0.2754617414248021,1.7704485488126651
209,210,GPS,4845.0,3144.0,848.0,1035.0,0.8461,0.2697201017811705,1.541030534351145
211,212,IT,6300.0,983.0,3.0,279.0,1.0888,0.003051881993896236,6.408952187182096
213,214,GE,313682.0,64263.0,-5786.0,15121.0,0.8813,-0.09003625725534133,4.8812224763861005
215,216,GM,177481.0,35001.0,-3864.0,5065.0,1.1283,-0.1103968458044056,5.070740835976116
221,222,GWW,4114.0,1690.0,586.0,714.0,0.9931,0.3467455621301775,2.4343195266272195
222,223,HAL,16763.0,8322.0,-463.0,1513.0,1.1299,-0.05563566450372506,2.014299447248258
224,225,HOG,8128.0,1844.0,522.0,769.0,1.4061,0.2830802603036877,4.407809110629066
227,228,HAS,3460.0,1830.0,397.0,289.0,0.7531,0.21693989071038253,1.8907103825136613
228,229,HCA,43399.0,-6806.0,2216.0,1737.0,0.8151,-0.32559506317954745,-6.3765794886864535
229,230,HCP,8787.0,5301.0,414.0,889.0,0.5116,0.07809847198641766,1.6576117713638936
231,232,HSIC,5000.0,2811.0,406.0,604.0,0.8486,0.14443258626823194,1.7787264318747775
232,233,HSY,4638.0,915.0,783.0,837.0,0.501,0.8557377049180328,5.0688524590163935
236,237,HFC,5321.0,5371.0,805.0,444.0,1.078,0.1498789797058276,0.9906907466021224
237,238,HOLX,5195.0,2785.0,756.0,400.0,0.9289,0.27145421903052064,1.8653500897666069
240,241,HRL,2040.0,4936.0,847.0,531.0,0.4235,0.1715964343598055,0.413290113452188
241,242,HST,4720.0,6973.0,564.0,583.0,0.9226,0.08088340742865338,0.6768966011759644
242,243,HPQ,36321.0,-3408.0,2526.0,8409.0,1.3746,-0.7411971830985915,-10.657570422535214
245,246,HII,4616.0,1758.0,479.0,97.0,1.1913,0.2724687144482366,2.6257110352673494
246,247,IDXX,1768.0,-54.0,263.0,167.0,1.0857,-4.87037037037037,-32.74074074074074
247,248,INFO,6550.0,8004.0,417.0,405.0,0.9359999999999999,0.05209895052473763,0.8183408295852074
248,249,ITW,12195.0,4585.0,1687.0,2160.0,1.094,0.3679389312977099,2.6597600872410028
249,250,ILMN,2508.0,2749.0,726.0,296.0,1.4480000000000002,0.2640960349217897,0.9123317570025464
252,253,ICE,61340.0,16924.0,2514.0,554.0,0.8666,0.1485464429212952,3.6244386669818014
257,258,IFF,2915.0,1684.0,296.0,273.0,0.6534,0.17577197149643706,1.7309976247030878
259,260,ISRG,1033.0,4725.0,660.0,775.0,1.1469,0.13968253968253969,0.21862433862433864
260,261,IVZ,22973.0,8696.0,1127.0,692.0,1.4841,0.1295998160073597,2.6417893284268628
266,267,JBHT,2626.0,1839.0,686.0,81.0,0.8764,0.37302882001087545,1.4279499728113103
272,273,JNPR,5153.0,4681.0,306.0,599.0,0.9803,0.06537064729758599,1.1008331553086947
273,274,KSU,4650.0,4549.0,962.0,-8.0,0.7701,0.2114750494614201,1.0222026819081116
274,275,K,14138.0,2212.0,1269.0,1170.0,0.5153,0.5736889692585895,6.391500904159132
277,278,KMB,14522.0,629.0,2278.0,2087.0,0.6044,3.6216216216216215,23.087440381558032
279,280,KMI,45419.0,33636.0,183.0,403.0,0.9707,0.005440599357830895,1.3503091925318111
280,281,KLAC,4206.0,1326.0,926.0,839.0,1.1403,0.698340874811463,3.171945701357467
282,283,KHC,54198.0,66034.0,10999.0,1486.0,0.8179,0.16656570857437078,0.8207590029378805
284,285,LB,8899.0,-729.0,1158.0,763.0,1.1935,-1.588477366255144,-12.207133058984908
287,288,LRCX,5305.0,6817.0,1698.0,559.0,1.4769,0.2490831744168989,0.7782015549361889
291,292,LLY,33389.0,11592.0,-204.0,4642.0,0.8454,-0.017598343685300208,2.8803485162180813
294,295,LKQ,5169.0,4198.0,534.0,338.0,1.2202,0.12720343020485947,1.231300619342544
297,298,LOW,27974.0,6434.0,3093.0,2551.0,1.1176,0.4807273857631333,4.347839602113772
298,299,LYB,17257.0,8949.0,4879.0,3274.0,1.1513,0.5452005810705107,1.9283718851268297
300,301,MAC,5924.0,3682.0,146.0,-305.0,0.7166,0.0396523628462792,1.6089082020640957
304,305,MAR,20217.0,3731.0,1372.0,675.0,0.7611,0.3677298311444653,5.418654516215493
305,306,MMC,13070.0,7359.0,1492.0,940.0,0.7863,0.20274493817094716,1.776056529419758
309,310,MAT,4981.0,1257.0,-1054.0,446.0,0.9297,-0.8385043754972156,3.9626093874303896
311,312,MXIM,2368.0,2203.0,572.0,601.0,1.0828,0.259645937358148,1.0748978665456197
315,316,MRK,53536.0,34336.0,2394.0,10106.0,0.8362,0.06972273998136068,1.5591798695246968
317,318,MTD,2003.0,547.0,376.0,264.0,1.1711,0.6873857404021938,3.6617915904936016
318,319,MGM,21547.0,7613.0,1960.0,748.0,1.3297,0.2574543543938001,2.8302902929200053
320,321,MU,16715.0,18621.0,5089.0,567.0,1.5885,0.27329359325492725,0.8976424466999624
322,323,MAA,5152.0,6340.0,328.0,61.0,0.5859,0.051735015772870666,0.8126182965299684
323,324,MHK,5036.0,7059.0,972.0,159.0,1.1345,0.13769655758606034,0.7134154979458847
324,325,TAP,17021.0,13226.0,1414.0,874.0,1.1703,0.10691063057613792,1.2869348253440194
326,327,MNST,896.0,3895.0,821.0,290.0,0.9293,0.21078305519897306,0.2300385109114249
329,330,MOS,9016.0,9618.0,-107.0,299.0,1.4282,-0.011124974007070076,0.9374090247452692
333,334,NDAQ,9899.0,5887.0,734.0,459.0,0.8789,0.12468150161372515,1.681501613725157
334,335,NOV,6112.0,14094.0,-237.0,2728.0,1.1935,-0.016815666240953597,0.4336597133531999
335,336,NKTR,421.0,88.0,-97.0,-43.0,1.6351,-1.1022727272727273,4.784090909090909
338,339,NWL,18991.0,14145.0,2749.0,467.0,1.1188,0.19434429126899969,1.3425945563803463
342,343,NWS,3763.0,10789.0,-738.0,169.0,1.1487,-0.06840300305867086,0.3487811660024099
343,344,NEE,69619.0,28208.0,5378.0,1874.0,0.3,0.19065513329551897,2.4680587067498583
345,346,NKE,10852.0,12407.0,4240.0,2391.0,0.7779,0.3417425646812283,0.8746675263963891
346,347,NI,15642.0,4320.0,128.0,-443.0,0.2675,0.02962962962962963,3.620833333333333
348,349,JWN,7138.0,977.0,437.0,517.0,1.0372,0.4472876151484135,7.30603889457523
350,351,NTRS,128374.0,10216.0,1199.0,454.0,1.3089,0.1173649177760376,12.565974941268596
351,352,NOC,27869.0,7048.0,2015.0,2119.0,0.7493,0.2858967082860386,3.9541713961407483
352,353,NCLH,8345.0,5750.0,760.0,-420.0,1.492,0.13217391304347825,1.451304347826087
355,356,NVDA,3770.0,7471.0,3047.0,580.0,2.0326,0.4078436621603534,0.5046178557087405
356,357,ORLY,6919.0,653.0,1134.0,512.0,0.7594,1.7366003062787136,10.595712098009187
358,359,OMC,22316.0,2615.0,1088.0,1597.0,0.653,0.4160611854684512,8.533843212237093
359,360,OKE,11318.0,5528.0,388.0,-962.0,1.0228,0.07018813314037628,2.04739507959479
361,362,PCAR,15390.0,8050.0,1675.0,503.0,1.2102,0.2080745341614907,1.9118012422360249
362,363,PKG,4015.0,2183.0,669.0,374.0,1.1849,0.30645900137425564,1.8392120934493816
363,364,PH,10228.0,5262.0,983.0,925.0,1.3763,0.1868110984416572,1.943747624477385
364,365,PAYX,4878.0,1955.0,817.0,577.0,0.9663,0.4179028132992327,2.4951406649616366
366,367,PNR,3596.0,5038.0,666.0,745.0,1.213,0.13219531560142914,0.7137753076617706
369,370,PKI,3588.0,2503.0,293.0,120.0,1.2423,0.11705952856572112,1.4334798242109468
372,373,PM,55054.0,-12086.0,6035.0,8935.0,0.8170000000000001,-0.4993380771140162,-4.555187820618898
373,374,PSX,29286.0,25085.0,5106.0,4248.0,0.9444,0.2035479370141519,1.1674705999601356
377,378,RL,2352.0,3300.0,-99.0,742.0,0.981,-0.03,0.7127272727272728
381,382,PG,65222.0,55184.0,15326.0,10865.0,0.5281,0.27772542766019137,1.1819005508843143
383,384,PLD,13850.0,15631.0,1652.0,-957.0,0.7678,0.10568741603224363,0.886059753054827
386,387,PSA,1793.0,8940.0,1442.0,1359.0,0.3815,0.16129753914988815,0.2005592841163311
387,388,PHM,5533.0,4154.0,447.0,852.0,0.7020000000000001,0.10760712566201253,1.3319691863264325
388,389,PVH,6263.0,4804.0,549.0,359.0,1.0566,0.1142797668609492,1.3037052456286429
390,391,PWR,2689.0,3792.0,315.0,183.0,1.3388,0.08306962025316457,0.7091244725738397
402,403,RHI,762.0,1105.0,291.0,255.0,1.3899,0.2633484162895928,0.6895927601809955
406,407,ROST,2561.0,2748.0,1118.0,555.0,0.9765,0.4068413391557497,0.9319505094614264
409,410,SBAC,9919.0,-2599.0,104.0,329.0,0.8055,-0.04001539053482109,-3.8164678722585608
413,414,SRE,37784.0,12670.0,256.0,-1485.0,0.306,0.0202052091554854,2.9821625887924235
417,418,SLG,7758.0,6225.0,101.0,-405.0,1.0392,0.016224899598393575,1.2462650602409642
419,420,SO,86838.0,24167.0,926.0,634.0,0.2594,0.03831671287292589,3.5932469896966936
420,421,LUV,14680.0,10430.0,3488.0,1030.0,1.1389,0.33441994247363377,1.4074784276126555
422,423,SWK,10783.0,8297.0,1226.0,502.0,1.1839,0.14776425213932748,1.2996263709774618
423,424,SBUX,8916.0,5450.0,2885.0,1757.0,0.7921,0.5293577981651376,1.6359633027522935
425,426,SYK,12231.0,9966.0,1020.0,1691.0,0.9358,0.10234798314268513,1.2272727272727273
428,429,SYMC,14687.0,3487.0,-106.0,1257.0,0.9455,-0.03039862345856037,4.211930025810152
429,430,SYF,81574.0,14234.0,1935.0,5679.0,1.3453,0.13594211043979204,5.730925951946046
430,431,SNPS,2121.0,3276.0,137.0,428.0,1.1529,0.041819291819291816,0.6474358974358975
431,432,SYY,15375.0,2382.0,1143.0,1000.0,0.6312,0.4798488664987405,6.454659949622166
436,437,TEL,9652.0,9751.0,1683.0,1431.0,1.1321,0.17259768228899602,0.9898471951594708
438,439,TFX,3751.0,2431.0,153.0,163.0,1.0495,0.06293706293706294,1.5429864253393666
439,440,TXN,7305.0,10337.0,3682.0,2972.0,1.1161,0.35619618844925993,0.7066847247750798
440,441,TXT,9693.0,5647.0,307.0,366.0,1.1648,0.05436514963697538,1.716486630069063
441,442,TMO,31256.0,25413.0,2225.0,1728.0,1.0959999999999999,0.08755361429189784,1.2299216936213748
442,443,TIF,2235.0,3233.0,370.0,-67.0,0.7688,0.11444478812248685,0.6913083823074544
443,444,TWTR,2365.0,5047.0,-108.0,-74.0,1.0449,-0.021398850802456904,0.4685952050723202
446,447,TSS,4091.0,2241.0,586.0,315.0,0.9824,0.2614904060687193,1.825524319500223
447,448,TSCO,1450.0,1419.0,423.0,115.0,1.1372,0.2980972515856237,1.0218463706835799
451,452,FOXA,35002.0,15722.0,2952.0,2380.0,0.7339,0.18776237119959294,2.2263070856125173
452,453,FOX,35002.0,15722.0,2952.0,2380.0,0.76,0.18776237119959294,2.2263070856125173
454,455,UDR,4907.0,2826.0,122.0,-102.0,0.5386,0.043170559094125975,1.7363765038924277
455,456,ULTA,1002.0,1550.0,410.0,50.0,0.8955,0.2645161290322581,0.6464516129032258
458,459,UA,1988.0,2019.0,-48.0,32.0,1.8028,-0.0237741456166419,0.9846458642892522
460,461,UAL,33520.0,8806.0,2131.0,-720.0,1.0515,0.2419940949352714,3.8064955712014537
463,464,URI,11924.0,3106.0,1346.0,-133.0,1.6768,0.433354797166774,3.8390212491951066
468,469,VLO,28167.0,21991.0,4065.0,3443.0,0.9889,0.18484834705106634,1.2808421627029238
469,470,VAR,1684.0,1495.0,250.0,379.0,1.0475,0.16722408026755853,1.1264214046822745
470,471,VTR,13088.0,10866.0,1356.0,-324.0,0.3837,0.1247929320817228,1.2044910730719676
471,472,VRSN,4201.0,-1260.0,457.0,514.0,0.9933,-0.3626984126984127,-3.3341269841269843
472,473,VRSK,4095.0,1925.0,555.0,361.0,0.877,0.2883116883116883,2.1272727272727274
473,474,VZ,214047.0,43096.0,30101.0,21634.0,0.5861,0.6984638945609801,4.96674865416744
482,483,WM,15810.0,6019.0,1949.0,1184.0,0.6949,0.32380794151852466,2.6266821731184584
483,484,WAT,3091.0,2234.0,20.0,366.0,1.1031,0.008952551477170993,1.383616830796777
484,485,WEC,22129.0,9461.0,1204.0,544.0,0.2223,0.12725927491808478,2.338970510516859
487,488,WELL,13521.0,14423.0,523.0,598.0,0.4268,0.03626152672814255,0.9374609997919988
489,490,WU,9723.0,-491.0,-557.0,847.0,0.9479,1.1344195519348268,-19.80244399185336
490,491,WRK,14746.0,10342.0,708.0,592.0,1.4726,0.06845871204795978,1.4258363952813768
491,492,WY,9160.0,8899.0,582.0,711.0,1.2316,0.0654006068097539,1.029329138105405
493,494,WMB,36696.0,9656.0,2174.0,-1355.0,1.2207,0.2251449875724938,3.8003314001657005
494,495,WLTW,22332.0,10126.0,568.0,442.0,1.0229,0.05609322536045823,2.2054118111791428
496,497,XEL,31575.0,11455.0,1148.0,-811.0,0.2229,0.10021824530772587,2.756438236577913
498,499,XLNX,2233.0,2508.0,623.0,626.0,0.9209,0.2484051036682616,0.8903508771929824
503,504,ZTS,6816.0,1770.0,864.0,497.0,0.9712,0.48813559322033895,3.850847457627119
