,Unnamed: 0,ticker, liabilities, equity, netincome, freecashflow, beta, ROE, debttoequity, assets, sector
2,2,ABBV,65689.0,5097.0,5309.0,5776.0,1.31,1.04,12.89,65689.0,Healthcare
3,3,ABMD,98.0,452.0,52.0,24.0,1.65,0.12,0.22,98.0,Healthcare
5,5,ATVI,9206.0,9462.0,273.0,1190.0,0.87,0.03,0.97,9206.0,Technology
6,6,ADBE,6076.0,8460.0,1694.0,963.0,1.25,0.2,0.72,6076.0,Technology
7,7,AMD,2929.0,611.0,43.0,-232.0,2.28,0.07,4.79,2929.0,Technology
12,12,A,3595.0,4831.0,684.0,957.0,1.18,0.14,0.74,3595.0,Healthcare
15,15,ALK,7019.0,3721.0,1034.0,415.0,0.94,0.28,1.89,7019.0,Services
16,16,ALB,4076.0,3675.0,55.0,278.0,1.1,0.01,1.11,4076.0,Basic Materials
28,28,AMZN,103601.0,27709.0,3033.0,2031.0,1.39,0.11,3.74,103601.0,Services
30,30,AAL,47470.0,3926.0,1919.0,-2439.0,1.38,0.49,12.09,47470.0,Services
37,37,ABC,33252.0,2064.0,364.0,586.0,1.39,0.18,16.11,33252.0,Services
49,49,AAPL,241272.0,134047.0,48351.0,44590.0,1.04,0.36,1.8,241272.0,Consumer Goods
50,50,AMAT,10070.0,9349.0,3434.0,426.0,1.55,0.37,1.08,10070.0,Technology
51,51,APTV,8870.0,3299.0,1355.0,1068.0,1.27,0.41,2.69,8870.0,Consumer Goods
54,54,ANET,799.0,1662.0,423.0,14.0,1.29,0.25,0.48,799.0,Technology
57,57,T,303236.0,140861.0,29450.0,13852.0,0.79,0.21,2.15,303236.0,Technology
59,59,ADP,33203.0,3977.0,1733.0,1294.0,1.01,0.44,8.35,33203.0,Technology
64,64,BLL,13228.0,3941.0,374.0,461.0,0.86,0.09,3.36,13228.0,Consumer Goods
74,74,HRB,2755.0,-61.0,409.0,384.0,0.85,-6.7,-45.16,2755.0,Services
76,76,BKNG,14191.0,11261.0,2341.0,2217.0,1.26,0.21,1.26,14191.0,Services
77,77,BWA,6071.0,3717.0,440.0,301.0,1.21,0.12,1.63,6071.0,Consumer Goods
90,91,CAH,33304.0,6808.0,1288.0,1532.0,1.34,0.19,4.89,33304.0,Services
91,92,KMX,13171.0,3109.0,627.0,-1014.0,1.05,0.2,4.24,13171.0,Services
98,99,CELG,23220.0,6921.0,2940.0,2087.0,1.28,0.42,3.36,23220.0,Healthcare
101,102,CTL,52120.0,23491.0,1389.0,2511.0,1.44,0.06,2.22,52120.0,Technology
102,103,CERN,1684.0,4785.0,867.0,112.0,1.12,0.18,0.35,1684.0,Technology
107,108,CMG,681.0,1364.0,176.0,329.0,1.03,0.13,0.5,681.0,Services
109,110,CHD,3797.0,2218.0,743.0,432.0,0.53,0.33,1.71,3797.0,Consumer Goods
117,118,CTXS,4828.0,992.0,-21.0,753.0,1.02,-0.02,4.87,4828.0,Technology
118,119,CLX,4031.0,542.0,701.0,581.0,0.51,1.29,7.44,4031.0,Consumer Goods
124,125,CMCSA,118343.0,68606.0,22714.0,6555.0,0.94,0.33,1.72,118343.0,Services
126,127,CAG,6106.0,3991.0,639.0,949.0,0.78,0.16,1.53,6106.0,Consumer Goods
131,132,COO,1683.0,3176.0,373.0,238.0,0.98,0.12,0.53,1683.0,Healthcare
132,133,CPRT,884.0,1098.0,394.0,69.0,1.07,0.36,0.81,884.0,Services
133,134,GLW,11796.0,15698.0,-497.0,1768.0,1.23,-0.03,0.75,11796.0,Technology
134,135,COST,25569.0,10778.0,2679.0,1354.0,0.91,0.25,2.37,25569.0,Services
135,136,COTY,13234.0,9315.0,-422.0,270.0,0.84,-0.05,1.42,13234.0,Consumer Goods
137,138,CSX,21034.0,14705.0,5471.0,954.0,1.2,0.37,1.43,21034.0,Services
142,143,DRI,3402.0,2102.0,479.0,264.0,0.76,0.23,1.62,3402.0,Services
152,153,DISCK,17945.0,4610.0,-337.0,1170.0,1.36,-0.07,3.89,17945.0,Services
153,154,DISH,22836.0,6937.0,2099.0,1019.0,1.5,0.3,3.29,22836.0,Services
154,155,DG,6391.0,6126.0,1251.0,675.0,0.85,0.2,1.04,6391.0,Services
155,156,DLTR,9150.0,7182.0,1714.0,463.0,0.7,0.24,1.27,9150.0,Services
164,165,EMN,10596.0,5403.0,1384.0,809.0,1.16,0.26,1.96,10596.0,Basic Materials
170,171,EA,3658.0,4060.0,967.0,218.0,0.77,0.24,0.9,3658.0,Technology
178,179,EL,7184.0,4384.0,1249.0,765.0,0.7,0.28,1.64,7184.0,Consumer Goods
182,184,EXPE,13993.0,4522.0,378.0,455.0,1.09,0.08,3.09,13993.0,Services
187,189,FB,10177.0,74347.0,15934.0,2860.0,1.27,0.21,0.14,10177.0,Technology
200,202,FMC,6524.0,2682.0,536.0,107.0,1.07,0.2,2.43,6524.0,Basic Materials
202,204,F,222918.0,34890.0,7602.0,3847.0,0.93,0.22,6.39,222918.0,Consumer Goods
204,206,FTV,6710.0,3790.0,1044.0,949.0,1.03,0.28,1.77,6710.0,Technology
208,210,GPS,4845.0,3144.0,848.0,1035.0,0.85,0.27,1.54,4845.0,Services
210,212,IT,6300.0,983.0,3.0,279.0,1.09,0.0,6.41,6300.0,Technology
214,216,GM,177481.0,35001.0,-3864.0,5065.0,1.13,-0.11,5.07,177481.0,Consumer Goods
220,222,GWW,4114.0,1690.0,586.0,714.0,0.99,0.35,2.43,4114.0,Services
221,223,HAL,16763.0,8322.0,-463.0,1513.0,1.13,-0.06,2.01,16763.0,Basic Materials
223,225,HOG,8128.0,1844.0,522.0,769.0,1.41,0.28,4.41,8128.0,Consumer Goods
226,228,HAS,3460.0,1830.0,397.0,289.0,0.75,0.22,1.89,3460.0,Consumer Goods
227,229,HCA,43399.0,-6806.0,2216.0,1737.0,0.82,-0.33,-6.38,43399.0,Healthcare
230,232,HSIC,5000.0,2811.0,406.0,604.0,0.85,0.14,1.78,5000.0,Services
231,233,HSY,4638.0,915.0,783.0,837.0,0.5,0.86,5.07,4638.0,Consumer Goods
235,237,HFC,5321.0,5371.0,805.0,444.0,1.08,0.15,0.99,5321.0,Basic Materials
236,238,HOLX,5195.0,2785.0,756.0,400.0,0.93,0.27,1.87,5195.0,Healthcare
239,241,HRL,2040.0,4936.0,847.0,531.0,0.42,0.17,0.41,2040.0,Consumer Goods
241,243,HPQ,36321.0,-3408.0,2526.0,8409.0,1.37,-0.74,-10.66,36321.0,Technology
245,247,IDXX,1768.0,-54.0,263.0,167.0,1.09,-4.87,-32.74,1768.0,Healthcare
246,248,INFO,6550.0,8004.0,417.0,405.0,0.94,0.05,0.82,6550.0,Technology
248,250,ILMN,2508.0,2749.0,726.0,296.0,1.45,0.26,0.91,2508.0,Healthcare
256,258,IFF,2915.0,1684.0,296.0,273.0,0.65,0.18,1.73,2915.0,Basic Materials
258,260,ISRG,1033.0,4725.0,660.0,775.0,1.15,0.14,0.22,1033.0,Healthcare
265,267,JBHT,2626.0,1839.0,686.0,81.0,0.88,0.37,1.43,2626.0,Services
271,273,JNPR,5153.0,4681.0,306.0,599.0,0.98,0.07,1.1,5153.0,Technology
272,274,KSU,4650.0,4549.0,962.0,-8.0,0.77,0.21,1.02,4650.0,Services
273,275,K,14138.0,2212.0,1269.0,1170.0,0.52,0.57,6.39,14138.0,Consumer Goods
276,278,KMB,14522.0,629.0,2278.0,2087.0,0.6,3.62,23.09,14522.0,Consumer Goods
278,280,KMI,45419.0,33636.0,183.0,403.0,0.97,0.01,1.35,45419.0,Basic Materials
279,281,KLAC,4206.0,1326.0,926.0,839.0,1.14,0.7,3.17,4206.0,Technology
281,283,KHC,54198.0,66034.0,10999.0,1486.0,0.82,0.17,0.82,54198.0,Consumer Goods
283,285,LB,8899.0,-729.0,1158.0,763.0,1.19,-1.59,-12.21,8899.0,Services
286,288,LRCX,5305.0,6817.0,1698.0,559.0,1.48,0.25,0.78,5305.0,Technology
290,292,LLY,33389.0,11592.0,-204.0,4642.0,0.85,-0.02,2.88,33389.0,Healthcare
293,295,LKQ,5169.0,4198.0,534.0,338.0,1.22,0.13,1.23,5169.0,Consumer Goods
296,298,LOW,27974.0,6434.0,3093.0,2551.0,1.12,0.48,4.35,27974.0,Services
297,299,LYB,17257.0,8949.0,4879.0,3274.0,1.15,0.55,1.93,17257.0,Basic Materials
303,305,MAR,20217.0,3731.0,1372.0,675.0,0.76,0.37,5.42,20217.0,Services
304,306,MMC,13070.0,7359.0,1492.0,940.0,0.79,0.2,1.78,13070.0,Financial
308,310,MAT,4981.0,1257.0,-1054.0,446.0,0.93,-0.84,3.96,4981.0,Consumer Goods
310,312,MXIM,2368.0,2203.0,572.0,601.0,1.08,0.26,1.07,2368.0,Technology
314,316,MRK,53536.0,34336.0,2394.0,10106.0,0.84,0.07,1.56,53536.0,Healthcare
316,318,MTD,2003.0,547.0,376.0,264.0,1.17,0.69,3.66,2003.0,Healthcare
317,319,MGM,21547.0,7613.0,1960.0,748.0,1.33,0.26,2.83,21547.0,Services
319,321,MU,16715.0,18621.0,5089.0,567.0,1.59,0.27,0.9,16715.0,Technology
322,324,MHK,5036.0,7059.0,972.0,159.0,1.13,0.14,0.71,5036.0,Consumer Goods
323,325,TAP,17021.0,13226.0,1414.0,874.0,1.17,0.11,1.29,17021.0,Consumer Goods
325,327,MNST,896.0,3895.0,821.0,290.0,0.93,0.21,0.23,896.0,Consumer Goods
328,330,MOS,9016.0,9618.0,-107.0,299.0,1.43,-0.01,0.94,9016.0,Basic Materials
333,335,NOV,6112.0,14094.0,-237.0,2728.0,1.19,-0.02,0.43,6112.0,Basic Materials
334,336,NKTR,421.0,88.0,-97.0,-43.0,1.64,-1.1,4.78,421.0,Healthcare
337,339,NWL,18991.0,14145.0,2749.0,467.0,1.12,0.19,1.34,18991.0,Consumer Goods
341,343,NWS,3763.0,10789.0,-738.0,169.0,1.15,-0.07,0.35,3763.0,Services
344,346,NKE,10852.0,12407.0,4240.0,2391.0,0.78,0.34,0.87,10852.0,Consumer Goods
347,349,JWN,7138.0,977.0,437.0,517.0,1.04,0.45,7.31,7138.0,Services
351,353,NCLH,8345.0,5750.0,760.0,-420.0,1.49,0.13,1.45,8345.0,Services
354,356,NVDA,3770.0,7471.0,3047.0,580.0,2.03,0.41,0.5,3770.0,Technology
355,357,ORLY,6919.0,653.0,1134.0,512.0,0.76,1.74,10.6,6919.0,Services
357,359,OMC,22316.0,2615.0,1088.0,1597.0,0.65,0.42,8.53,22316.0,Services
360,362,PCAR,15390.0,8050.0,1675.0,503.0,1.21,0.21,1.91,15390.0,Consumer Goods
361,363,PKG,4015.0,2183.0,669.0,374.0,1.18,0.31,1.84,4015.0,Consumer Goods
363,365,PAYX,4878.0,1955.0,817.0,577.0,0.97,0.42,2.5,4878.0,Services
368,370,PKI,3588.0,2503.0,293.0,120.0,1.24,0.12,1.43,3588.0,Healthcare
371,373,PM,55054.0,-12086.0,6035.0,8935.0,0.82,-0.5,-4.56,55054.0,Consumer Goods
372,374,PSX,29286.0,25085.0,5106.0,4248.0,0.94,0.2,1.17,29286.0,Basic Materials
376,378,RL,2352.0,3300.0,-99.0,742.0,0.98,-0.03,0.71,2352.0,Consumer Goods
380,382,PG,65222.0,55184.0,15326.0,10865.0,0.53,0.28,1.18,65222.0,Consumer Goods
387,389,PVH,6263.0,4804.0,549.0,359.0,1.06,0.11,1.3,6263.0,Consumer Goods
401,403,RHI,762.0,1105.0,291.0,255.0,1.39,0.26,0.69,762.0,Services
405,407,ROST,2561.0,2748.0,1118.0,555.0,0.98,0.41,0.93,2561.0,Services
408,410,SBAC,9919.0,-2599.0,104.0,329.0,0.81,-0.04,-3.82,9919.0,Technology
419,421,LUV,14680.0,10430.0,3488.0,1030.0,1.14,0.33,1.41,14680.0,Services
422,424,SBUX,8916.0,5450.0,2885.0,1757.0,0.79,0.53,1.64,8916.0,Services
424,426,SYK,12231.0,9966.0,1020.0,1691.0,0.94,0.1,1.23,12231.0,Healthcare
427,429,SYMC,14687.0,3487.0,-106.0,1257.0,0.95,-0.03,4.21,14687.0,Technology
429,431,SNPS,2121.0,3276.0,137.0,428.0,1.15,0.04,0.65,2121.0,Technology
430,432,SYY,15375.0,2382.0,1143.0,1000.0,0.63,0.48,6.45,15375.0,Services
435,437,TEL,9652.0,9751.0,1683.0,1431.0,1.13,0.17,0.99,9652.0,Technology
436,439,TFX,3751.0,2431.0,153.0,163.0,1.05,0.06,1.54,3751.0,Healthcare
437,440,TXN,7305.0,10337.0,3682.0,2972.0,1.12,0.36,0.71,7305.0,Technology
439,442,TMO,31256.0,25413.0,2225.0,1728.0,1.1,0.09,1.23,31256.0,Healthcare
440,443,TIF,2235.0,3233.0,370.0,-67.0,0.77,0.11,0.69,2235.0,Services
441,444,TWTR,2365.0,5047.0,-108.0,-74.0,1.04,-0.02,0.47,2365.0,Technology
445,448,TSCO,1450.0,1419.0,423.0,115.0,1.14,0.3,1.02,1450.0,Services
449,452,FOXA,35002.0,15722.0,2952.0,2380.0,0.73,0.19,2.23,35002.0,Services
450,453,FOX,35002.0,15722.0,2952.0,2380.0,0.76,0.19,2.23,35002.0,Services
453,456,ULTA,1002.0,1550.0,410.0,50.0,0.9,0.26,0.65,1002.0,Services
456,459,UA,1988.0,2019.0,-48.0,32.0,1.8,-0.02,0.98,1988.0,Consumer Goods
458,461,UAL,33520.0,8806.0,2131.0,-720.0,1.05,0.24,3.81,33520.0,Services
461,464,URI,11924.0,3106.0,1346.0,-133.0,1.68,0.43,3.84,11924.0,Services
466,469,VLO,28167.0,21991.0,4065.0,3443.0,0.99,0.18,1.28,28167.0,Basic Materials
467,470,VAR,1684.0,1495.0,250.0,379.0,1.05,0.17,1.13,1684.0,Healthcare
469,472,VRSN,4201.0,-1260.0,457.0,514.0,0.99,-0.36,-3.33,4201.0,Technology
470,473,VRSK,4095.0,1925.0,555.0,361.0,0.88,0.29,2.13,4095.0,Services
471,474,VZ,214047.0,43096.0,30101.0,21634.0,0.59,0.7,4.97,214047.0,Technology
481,484,WAT,3091.0,2234.0,20.0,366.0,1.1,0.01,1.38,3091.0,Healthcare
487,490,WU,9723.0,-491.0,-557.0,847.0,0.95,1.13,-19.8,9723.0,Financial
488,491,WRK,14746.0,10342.0,708.0,592.0,1.47,0.07,1.43,14746.0,Consumer Goods
491,494,WMB,36696.0,9656.0,2174.0,-1355.0,1.22,0.23,3.8,36696.0,Basic Materials
492,495,WLTW,22332.0,10126.0,568.0,442.0,1.02,0.06,2.21,22332.0,Financial
496,499,XLNX,2233.0,2508.0,623.0,626.0,0.92,0.25,0.89,2233.0,Technology
501,504,ZTS,6816.0,1770.0,864.0,497.0,0.97,0.49,3.85,6816.0,Healthcare
